0000000019 | DE54 7336 9920 0000 0000 19
0000000027 | DE32 7336 9920 0000 0000 27
0000000035 | DE10 7336 9920 0000 0000 35
0000000043 | DE85 7336 9920 0000 0000 43
0000000050 | DE90 7336 9920 0000 0000 50
0000000070 | DE35 7336 9920 0000 0000 70
0000000078 | DE13 7336 9920 0000 0000 78
0000000086 | DE88 7336 9920 0000 0000 86
0000000094 | DE66 7336 9920 0000 0000 94
0000000108 | DE76 7336 9920 0000 0001 08
0000000116 | DE54 7336 9920 0000 0001 16
0000000124 | DE32 7336 9920 0000 0001 24
0000000132 | DE10 7336 9920 0000 0001 32
0000000140 | DE85 7336 9920 0000 0001 40
0000000159 | DE57 7336 9920 0000 0001 59
0000000167 | DE35 7336 9920 0000 0001 67
0000000175 | DE13 7336 9920 0000 0001 75
0000000183 | DE88 7336 9920 0000 0001 83
0000000190 | DE93 7336 9920 0000 0001 90
0000000205 | DE76 7336 9920 0000 0002 05
0000000213 | DE54 7336 9920 0000 0002 13
0000000220 | DE59 7336 9920 0000 0002 20
0000000240 | DE04 7336 9920 0000 0002 40
0000000248 | DE79 7336 9920 0000 0002 48
0000000256 | DE57 7336 9920 0000 0002 56
0000000264 | DE35 7336 9920 0000 0002 64
0000000272 | DE13 7336 9920 0000 0002 72
0000000280 | DE88 7336 9920 0000 0002 80
0000000299 | DE60 7336 9920 0000 0002 99
0000000302 | DE76 7336 9920 0000 0003 02
0000000310 | DE54 7336 9920 0000 0003 10
0000000329 | DE26 7336 9920 0000 0003 29
0000000337 | DE04 7336 9920 0000 0003 37
0000000345 | DE79 7336 9920 0000 0003 45
0000000353 | DE57 7336 9920 0000 0003 53
0000000360 | DE62 7336 9920 0000 0003 60
0000000380 | DE07 7336 9920 0000 0003 80
0000000388 | DE82 7336 9920 0000 0003 88
0000000396 | DE60 7336 9920 0000 0003 96
0000000410 | DE70 7336 9920 0000 0004 10
0000000418 | DE48 7336 9920 0000 0004 18
0000000426 | DE26 7336 9920 0000 0004 26
0000000434 | DE04 7336 9920 0000 0004 34
0000000442 | DE79 7336 9920 0000 0004 42
0000000450 | DE57 7336 9920 0000 0004 50
0000000469 | DE29 7336 9920 0000 0004 69
0000000477 | DE07 7336 9920 0000 0004 77
0000000485 | DE82 7336 9920 0000 0004 85
0000000493 | DE60 7336 9920 0000 0004 93
0000000507 | DE70 7336 9920 0000 0005 07
0000000515 | DE48 7336 9920 0000 0005 15
0000000523 | DE26 7336 9920 0000 0005 23
0000000530 | DE31 7336 9920 0000 0005 30
0000000550 | DE73 7336 9920 0000 0005 50
0000000558 | DE51 7336 9920 0000 0005 58
0000000566 | DE29 7336 9920 0000 0005 66
0000000574 | DE07 7336 9920 0000 0005 74
0000000582 | DE82 7336 9920 0000 0005 82
0000000590 | DE60 7336 9920 0000 0005 90
0000000604 | DE70 7336 9920 0000 0006 04
0000000612 | DE48 7336 9920 0000 0006 12
0000000620 | DE26 7336 9920 0000 0006 20
0000000639 | DE95 7336 9920 0000 0006 39
0000000647 | DE73 7336 9920 0000 0006 47
0000000655 | DE51 7336 9920 0000 0006 55
0000000663 | DE29 7336 9920 0000 0006 63
0000000670 | DE34 7336 9920 0000 0006 70
0000000690 | DE76 7336 9920 0000 0006 90
0000000698 | DE54 7336 9920 0000 0006 98
0000000700 | DE97 7336 9920 0000 0007 00
0000000720 | DE42 7336 9920 0000 0007 20
0000000728 | DE20 7336 9920 0000 0007 28
0000000736 | DE95 7336 9920 0000 0007 36
0000000744 | DE73 7336 9920 0000 0007 44
0000000752 | DE51 7336 9920 0000 0007 52
0000000760 | DE29 7336 9920 0000 0007 60
0000000779 | DE98 7336 9920 0000 0007 79
0000000787 | DE76 7336 9920 0000 0007 87
0000000795 | DE54 7336 9920 0000 0007 95
0000000809 | DE64 7336 9920 0000 0008 09
0000000817 | DE42 7336 9920 0000 0008 17
0000000825 | DE20 7336 9920 0000 0008 25
0000000833 | DE95 7336 9920 0000 0008 33
0000000840 | DE03 7336 9920 0000 0008 40
0000000860 | DE45 7336 9920 0000 0008 60
0000000868 | DE23 7336 9920 0000 0008 68
0000000876 | DE98 7336 9920 0000 0008 76
0000000884 | DE76 7336 9920 0000 0008 84
0000000892 | DE54 7336 9920 0000 0008 92
0000000906 | DE64 7336 9920 0000 0009 06
0000000914 | DE42 7336 9920 0000 0009 14
0000000922 | DE20 7336 9920 0000 0009 22
0000000930 | DE95 7336 9920 0000 0009 30
0000000949 | DE67 7336 9920 0000 0009 49
0000000957 | DE45 7336 9920 0000 0009 57
0000000965 | DE23 7336 9920 0000 0009 65
0000000973 | DE98 7336 9920 0000 0009 73
0000000980 | DE06 7336 9920 0000 0009 80
0000001000 | DE48 7336 9920 0000 0010 00
